1  2 SUCCESS  2   4   13.35  0.21   13.57   1
 4  5 SUCCESS  2   16   13.43  0.21   13.64   1
 14  15 SUCCESS  2   17   14.06  0.21   14.27   1
 6  7 SUCCESS  2   15   15.36  0.21   15.58   1
 3  4 SUCCESS  2   10   15.7  0.21   15.91   1
 13  14 SUCCESS  2   3   15.88  0.21   16.09   1
 2  3 SUCCESS  2   8   16.22  0.21   16.43   1
 10  11 SUCCESS  2   0   16.81  0.21   17.03   1
 5  6 SUCCESS  2   14   19.44  0.21   19.65   1
 15  16 SUCCESS  2   19   19.55  0.21   19.76   1
 12  13 SUCCESS  2   2   20.03  0.21   20.24   1
 8  9 SUCCESS  2   7   20.82  0.21   21.03   1
 40  41 SUCCESS  2   4   10.72  15.58   26.29   2
 22  23 SUCCESS  2   16   10.81  15.58   26.39   2
 39  40 SUCCESS  2   17   11.31  15.58   26.88   2
 21  22 SUCCESS  2   15   12.35  15.91   28.26   2
 37  38 SUCCESS  2   10   12.46  16.09   28.54   2
 33  34 SUCCESS  2   3   12.61  16.09   28.7   2
 35  36 SUCCESS  2   8   12.73  16.43   29.17   2
 30  31 SUCCESS  2   0   13.55  17.03   30.58   2
 7  8 SUCCESS  2   1   32.05  0.21   32.26   1
 9  10 SUCCESS  2   11   33.91  0.21   34.12   1
 43  44 SUCCESS  2   14   14.92  19.65   34.57   2
 38  39 SUCCESS  2   19   15  19.76   34.76   2
 55  56 SUCCESS  2   2   15.42  20.24   35.66   2
 71  72 SUCCESS  2   7   15.95  21.03   36.98   2
 56  57 SUCCESS  2   4   10.79  26.29   37.09   2
 60  61 SUCCESS  2   16   10.72  26.39   37.11   2
 74  75 SUCCESS  2   17   11.21  26.88   38.1   2
 32  33 SUCCESS  2   15   12.17  28.26   40.43   2
 57  58 SUCCESS  2   10   12.42  28.54   40.96   2
 34  35 SUCCESS  2   3   12.52  28.7   41.22   2
 44  45 SUCCESS  2   8   12.76  29.17   41.92   2
 51  52 SUCCESS  2   0   13.1  30.58   43.68   2
 65  66 SUCCESS  2   4   10.79  37.09   47.88   2
 47  48 SUCCESS  2   16   10.83  37.11   47.94   2
 58  59 SUCCESS  2   17   11.32  38.1   49.41   2
 42  43 SUCCESS  2   14   15  34.57   49.57   2
 54  55 SUCCESS  2   19   15.21  34.76   49.96   2
 67  68 SUCCESS  2   2   15.55  35.66   51.21   2
 24  25 SUCCESS  2   15   12.31  40.43   52.74   2
 25  26 SUCCESS  2   7   16.18  36.98   53.15   2
 75  76 SUCCESS  2   10   12.54  40.96   53.5   2
 46  47 SUCCESS  2   3   12.64  41.22   53.85   2
 61  62 SUCCESS  2   8   12.88  41.92   54.8   2
 11  12 SUCCESS  2   18   55.79  0.21   56.01   1
 73  74 SUCCESS  2   0   13.22  43.68   56.9   2
 28  29 SUCCESS  2   1   24.85  32.26   57.1   2
 77  78 SUCCESS  2   4   10.86  47.88   58.74   2
 50  51 SUCCESS  2   16   10.88  47.94   58.82   2
 31  32 SUCCESS  2   11   26.15  34.12   60.27   2
 69  70 SUCCESS  2   17   11.39  49.41   60.81   2
 0  1 SUCCESS  2   6   63.51  0.21   63.72   1
 52  53 SUCCESS  2   14   15.28  49.57   64.85   2
 49  50 SUCCESS  2   15   12.4  52.74   65.14   2
 26  27 SUCCESS  2   19   15.36  49.96   65.33   2
 66  67 SUCCESS  2   10   12.66  53.5   66.16   2
 23  24 SUCCESS  2   3   12.77  53.85   66.62   2
 36  37 SUCCESS  2   2   15.7  51.21   66.9   2
 41  42 SUCCESS  2   8   13.02  54.8   67.83   2
 48  49 SUCCESS  2   4   10.69  58.74   69.43   2
 59  60 SUCCESS  2   7   16.38  53.15   69.53   2
 53  54 SUCCESS  2   16   10.77  58.82   69.59   2
 63  64 SUCCESS  2   0   12.87  56.9   69.78   2
 68  69 SUCCESS  2   5   57.63  16.09   73.72   2
 20  21 SUCCESS  2   17   11.19  63.72   74.91   2
 27  28 SUCCESS  2   13   59.27  16.09   75.36   2
 16  17 SUCCESS  2   15   12.26  65.14   77.4   2
 17  18 SUCCESS  2   10   12.53  66.16   78.69   2
 19  20 SUCCESS  2   3   12.65  66.62   79.27   2
 45  46 SUCCESS  2   14   15.15  64.85   80   2
 72  73 SUCCESS  2   12   64.39  16.09   80.48   2
 18  19 SUCCESS  2   19   15.25  65.33   80.57   2
 76  77 SUCCESS  2   1   24.59  57.1   81.7   2
 64  65 SUCCESS  2   11   26.37  60.27   86.64   2
 70  71 SUCCESS  2   18   43.56  56.01   99.57   2
 62  63 SUCCESS  2   6   47.99  63.72   111.71   2
 29  30 SUCCESS  2   9   116.7  16.43   133.13   2
 78  79 SUCCESS  2   4   5.05  133.13   138.18   3
 79  80 SUCCESS  2   4   5.44  138.18   143.62   4
 85  86 SUCCESS  2   4   10.69  143.62   154.31   5
 82  83 SUCCESS  2   16   10.84  143.62   154.45   5
 84  85 SUCCESS  2   17   11.38  143.62   155   5
 91  92 SUCCESS  2   15   12.4  143.62   156.02   5
 93  94 SUCCESS  2   10   12.61  143.62   156.23   5
 88  89 SUCCESS  2   3   12.74  143.62   156.36   5
 83  84 SUCCESS  2   8   12.98  143.62   156.6   5
 94  95 SUCCESS  2   0   13.32  143.62   156.94   5
 90  91 SUCCESS  2   14   15.38  143.62   159   5
 92  93 SUCCESS  2   19   15.45  143.62   159.07   5
 87  88 SUCCESS  2   2   15.82  143.62   159.43   5
 95  96 SUCCESS  2   7   16.47  143.62   160.09   5
 89  90 SUCCESS  2   1   25.51  143.62   169.13   5
 80  81 SUCCESS  2   11   26.94  143.62   170.56   5
 86  87 SUCCESS  2   18   44.06  143.62   187.67   5
 81  82 SUCCESS  2   6   50.28  143.62   193.9   5
 96  97 SUCCESS  2   4   8  193.9   201.9   6
 97  98 SUCCESS  2   4   9.78  201.9   211.67   7
 98  99 SUCCESS  2   4   7.04  211.67   218.71   8
 99  100 SUCCESS  2   4   0.85  218.71   219.55   9
