0  1 SUCCESS  2   6   15.36  0.22   15.58   1
 11  12 SUCCESS  2   5   15.94  0.22   16.16   1
 9  10 SUCCESS  2   15   16.29  0.22   16.52   1
 7  8 SUCCESS  2   17   17.98  0.22   18.2   1
 8  9 SUCCESS  2   8   22.18  0.22   22.41   1
 12  13 SUCCESS  2   0   22.94  0.22   23.16   1
 15  16 SUCCESS  2   19   25.72  0.22   25.94   1
 5  6 SUCCESS  2   11   25.76  0.22   25.98   1
 10  11 SUCCESS  2   7   26.13  0.22   26.35   1
 2  3 SUCCESS  2   3   26.28  0.22   26.5   1
 13  14 SUCCESS  2   14   27.31  0.22   27.53   1
 18  19 SUCCESS  2   6   11.74  16.16   27.9   2
 62  63 SUCCESS  2   5   12.08  16.16   28.24   2
 17  18 SUCCESS  2   15   12.61  16.52   29.13   2
 45  46 SUCCESS  2   17   13.91  18.2   32.11   2
 50  51 SUCCESS  2   8   17.34  22.41   39.75   2
 72  73 SUCCESS  2   6   11.98  27.9   39.87   2
 3  4 SUCCESS  2   2   39.82  0.22   40.04   1
 6  7 SUCCESS  2   1   39.9  0.22   40.12   1
 63  64 SUCCESS  2   0   17.46  23.16   40.62   2
 70  71 SUCCESS  2   5   12.45  28.24   40.68   2
 14  15 SUCCESS  2   9   41.13  0.22   41.35   1
 69  70 SUCCESS  2   15   12.7  29.13   41.83   2
 4  5 SUCCESS  2   10   42.19  0.22   42.41   1
 75  76 SUCCESS  2   11   20.16  25.98   46.14   2
 73  74 SUCCESS  2   17   14.05  32.11   46.17   2
 66  67 SUCCESS  2   19   20.31  25.94   46.25   2
 67  68 SUCCESS  2   7   20.41  26.35   46.76   2
 59  60 SUCCESS  2   3   21  26.5   47.51   2
 52  53 SUCCESS  2   14   21.82  27.53   49.35   2
 46  47 SUCCESS  2   6   11.79  39.87   51.66   2
 41  42 SUCCESS  2   5   12.45  40.68   53.14   2
 77  78 SUCCESS  2   15   12.7  41.83   54.53   2
 19  20 SUCCESS  2   8   17.34  39.75   57.09   2
 30  31 SUCCESS  2   0   18.41  40.62   59.03   2
 1  2 SUCCESS  2   12   58.83  0.22   59.05   1
 36  37 SUCCESS  2   17   14.08  46.17   60.24   2
 44  45 SUCCESS  2   6   11.7  51.66   63.37   2
 37  38 SUCCESS  2   5   12.17  53.14   65.31   2
 64  65 SUCCESS  2   19   20.17  46.25   66.42   2
 49  50 SUCCESS  2   11   20.31  46.14   66.45   2
 34  35 SUCCESS  2   15   12.54  54.53   67.06   2
 47  48 SUCCESS  2   7   20.46  46.76   67.22   2
 65  66 SUCCESS  2   3   20.76  47.51   68.27   2
 31  32 SUCCESS  2   14   21.59  49.35   70.94   2
 58  59 SUCCESS  2   2   31.74  40.04   71.79   2
 29  30 SUCCESS  2   1   32.38  40.12   72.5   2
 35  36 SUCCESS  2   8   17.16  57.09   74.24   2
 23  24 SUCCESS  2   17   14.18  60.24   74.42   2
 33  34 SUCCESS  2   9   33.18  41.35   74.53   2
 26  27 SUCCESS  2   6   11.84  63.37   75.2   2
 61  62 SUCCESS  2   10   34.15  42.41   76.56   2
 57  58 SUCCESS  2   0   17.73  59.03   76.76   2
 27  28 SUCCESS  2   5   12.32  65.31   77.63   2
 54  55 SUCCESS  2   13   61.36  16.52   77.88   2
 68  69 SUCCESS  2   15   12.62  67.06   79.69   2
 21  22 SUCCESS  2   19   20.17  66.42   86.59   2
 24  25 SUCCESS  2   11   20.25  66.45   86.7   2
 56  57 SUCCESS  2   6   11.64  75.2   86.84   2
 22  23 SUCCESS  2   7   20.43  67.22   87.65   2
 32  33 SUCCESS  2   17   13.82  74.42   88.24   2
 25  26 SUCCESS  2   3   20.74  68.27   89.01   2
 42  43 SUCCESS  2   5   12.08  77.63   89.7   2
 60  61 SUCCESS  2   8   17.08  74.24   91.32   2
 71  72 SUCCESS  2   15   12.41  79.69   92.1   2
 39  40 SUCCESS  2   14   21.66  70.94   92.6   2
 55  56 SUCCESS  2   0   17.64  76.76   94.4   2
 48  49 SUCCESS  2   18   84.66  18.2   102.86   2
 16  17 SUCCESS  2   2   31.68  71.79   103.47   2
 28  29 SUCCESS  2   1   31.87  72.5   104.37   2
 40  41 SUCCESS  2   12   47.22  59.05   106.28   2
 38  39 SUCCESS  2   19   19.72  86.59   106.31   2
 43  44 SUCCESS  2   11   19.76  86.7   106.46   2
 74  75 SUCCESS  2   9   32.77  74.53   107.3   2
 76  77 SUCCESS  2   10   33.6  76.56   110.16   2
 20  21 SUCCESS  2   13   60.77  77.88   138.65   2
 51  52 SUCCESS  2   4   240.74  22.41   263.15   2
 53  54 SUCCESS  2   16   985.75  22.41   1008.16   2
 78  79 SUCCESS  2   6   5.5  1008.16   1013.66   3
 79  80 SUCCESS  2   6   5.92  1013.66   1019.57   4
 81  82 SUCCESS  2   6   12.15  1019.57   1031.72   5
 86  87 SUCCESS  2   5   12.58  1019.57   1032.15   5
 80  81 SUCCESS  2   15   12.94  1019.57   1032.51   5
 89  90 SUCCESS  2   17   14.31  1019.57   1033.88   5
 95  96 SUCCESS  2   8   17.55  1019.57   1037.13   5
 87  88 SUCCESS  2   0   18.12  1019.57   1037.69   5
 90  91 SUCCESS  2   19   20.35  1019.57   1039.92   5
 92  93 SUCCESS  2   11   20.39  1019.57   1039.97   5
 83  84 SUCCESS  2   7   20.69  1019.57   1040.26   5
 94  95 SUCCESS  2   3   21.02  1019.57   1040.6   5
 88  89 SUCCESS  2   14   21.91  1019.57   1041.48   5
 91  92 SUCCESS  2   2   32.02  1019.57   1051.59   5
 93  94 SUCCESS  2   1   32.21  1019.57   1051.78   5
 84  85 SUCCESS  2   9   33.31  1019.57   1052.88   5
 82  83 SUCCESS  2   10   34.03  1019.57   1053.6   5
 85  86 SUCCESS  2   12   47.09  1019.57   1066.67   5
 96  97 SUCCESS  2   6   8.74  1066.67   1075.41   6
 97  98 SUCCESS  2   6   10.64  1075.41   1086.05   7
 98  99 SUCCESS  2   6   7.66  1086.05   1093.71   8
 99  100 SUCCESS  2   6   0.92  1093.71   1094.63   9
