 9  10 SUCCESS  2   1   13.92  0.21   14.14   1
 0  1 SUCCESS  2   48   13.96  0.21   14.17   1
 11  12 SUCCESS  2   63   13.97  0.21   14.19   1
 7  8 SUCCESS  2   47   14.41  0.21   14.62   1
 15  16 SUCCESS  2   26   14.47  0.21   14.68   1
 12  13 SUCCESS  2   36   14.5  0.21   14.71   1
 8  9 SUCCESS  2   0   14.52  0.21   14.73   1
 5  6 SUCCESS  2   39   14.52  0.21   14.73   1
 13  14 SUCCESS  2   32   15.37  0.21   15.58   1
 2  3 SUCCESS  2   41   15.43  0.21   15.64   1
 10  11 SUCCESS  2   45   15.52  0.21   15.73   1
 14  15 SUCCESS  2   15   15.68  0.21   15.9   1
 1  2 SUCCESS  2   14   15.7  0.21   15.91   1
 6  7 SUCCESS  2   28   15.72  0.21   15.93   1
 3  4 SUCCESS  2   29   15.72  0.21   15.93   1
 4  5 SUCCESS  2   60   15.75  0.21   15.96   1
 54  55 SUCCESS  2   1   10.73  14.14   24.86   2
 18  19 SUCCESS  2   63   10.71  14.19   24.9   2
 17  18 SUCCESS  2   48   10.72  14.17   24.9   2
 45  46 SUCCESS  2   47   11.15  14.62   25.77   2
 76  77 SUCCESS  2   26   11.16  14.68   25.84   2
 50  51 SUCCESS  2   0   11.34  14.73   26.07   2
 75  76 SUCCESS  2   39   11.36  14.73   26.09   2
 66  67 SUCCESS  2   36   11.41  14.71   26.13   2
 62  63 SUCCESS  2   44   12.82  14.19   27.01   2
 48  49 SUCCESS  2   21   13.19  14.62   27.81   2
 73  74 SUCCESS  2   41   12.25  15.64   27.9   2
 72  73 SUCCESS  2   32   12.41  15.58   27.99   2
 59  60 SUCCESS  2   45   12.28  15.73   28.01   2
 77  78 SUCCESS  2   15   12.69  15.9   28.58   2
 41  42 SUCCESS  2   28   12.78  15.93   28.71   2
 49  50 SUCCESS  2   60   12.8  15.96   28.76   2
 23  24 SUCCESS  2   14   12.91  15.91   28.82   2
 30  31 SUCCESS  2   29   12.91  15.93   28.83   2
 67  68 SUCCESS  2   2   14.23  14.71   28.94   2
 51  52 SUCCESS  2   65   14.76  14.73   29.49   2
 53  54 SUCCESS  2   52   14.95  14.73   29.68   2
 63  64 SUCCESS  2   71   15  14.73   29.73   2
 70  71 SUCCESS  2   69   16.07  15.58   31.66   2
 69  70 SUCCESS  2   76   16.31  15.58   31.89   2
 71  72 SUCCESS  2   43   16.56  15.58   32.14   2
 19  20 SUCCESS  2   27   16.8  15.58   32.39   2
 46  47 SUCCESS  2   56   17.1  15.64   32.74   2
 58  59 SUCCESS  2   10   17.12  15.73   32.85   2
 57  58 SUCCESS  2   62   17.2  15.73   32.93   2
 52  53 SUCCESS  2   72   17.23  15.73   32.96   2
 60  61 SUCCESS  2   79   17.3  15.73   33.03   2
 61  62 SUCCESS  2   55   17.84  15.9   33.74   2
 64  65 SUCCESS  2   61   17.94  15.9   33.84   2
 24  25 SUCCESS  2   49   18.25  15.91   34.15   2
 26  27 SUCCESS  2   31   18.31  15.91   34.22   2
 27  28 SUCCESS  2   74   18.36  15.91   34.26   2
 68  69 SUCCESS  2   68   18.56  15.91   34.47   2
 25  26 SUCCESS  2   19   18.67  15.91   34.58   2
 16  17 SUCCESS  2   37   19.7  15.91   35.61   2
 28  29 SUCCESS  2   77   20.11  15.91   36.01   2
 55  56 SUCCESS  2   33   20.59  15.91   36.5   2
 20  21 SUCCESS  2   9   20.73  15.91   36.63   2
 38  39 SUCCESS  2   57   20.89  15.91   36.8   2
 21  22 SUCCESS  2   3   21.87  15.93   37.8   2
 33  34 SUCCESS  2   67   22.01  15.93   37.93   2
 29  30 SUCCESS  2   38   22.07  15.93   37.99   2
 47  48 SUCCESS  2   4   24.57  15.93   40.49   2
 22  23 SUCCESS  2   6   25.08  15.93   41.01   2
 39  40 SUCCESS  2   18   25.47  15.93   41.4   2
 31  32 SUCCESS  2   46   25.65  15.93   41.58   2
 44  45 SUCCESS  2   13   27.01  15.93   42.94   2
 32  33 SUCCESS  2   34   28.15  15.93   44.08   2
 74  75 SUCCESS  2   58   28.15  15.93   44.08   2
 34  35 SUCCESS  2   20   28.24  15.93   44.17   2
 56  57 SUCCESS  2   40   28.56  15.93   44.48   2
 42  43 SUCCESS  2   50   29.41  15.93   45.34   2
 43  44 SUCCESS  2   53   30.2  15.93   46.12   2
 65  66 SUCCESS  2   75   33.04  15.96   49   2
 36  37 SUCCESS  2   66   33.28  15.96   49.24   2
 37  38 SUCCESS  2   25   34.55  15.96   50.51   2
 35  36 SUCCESS  2   42   36.81  15.96   52.77   2
 40  41 SUCCESS  2   64   37.93  15.96   53.89   2
 78  79 SUCCESS  2   48   5  53.89   58.89   3
 79  80 SUCCESS  2   48   5.38  58.89   64.27   4
 86  87 SUCCESS  2   63   11.04  64.27   75.31   5
 81  82 SUCCESS  2   48   11.06  64.27   75.33   5
 80  81 SUCCESS  2   1   11.15  64.27   75.42   5
 90  91 SUCCESS  2   26   11.45  64.27   75.72   5
 89  90 SUCCESS  2   47   11.47  64.27   75.74   5
 87  88 SUCCESS  2   36   11.47  64.27   75.74   5
 95  96 SUCCESS  2   0   11.48  64.27   75.75   5
 92  93 SUCCESS  2   39   11.56  64.27   75.83   5
 83  84 SUCCESS  2   45   12.29  64.27   76.57   5
 88  89 SUCCESS  2   32   12.34  64.27   76.61   5
 94  95 SUCCESS  2   41   12.4  64.27   76.68   5
 85  86 SUCCESS  2   14   12.56  64.27   76.84   5
 91  92 SUCCESS  2   29   12.64  64.27   76.91   5
 93  94 SUCCESS  2   28   12.69  64.27   76.96   5
 84  85 SUCCESS  2   15   12.7  64.27   76.97   5
 82  83 SUCCESS  2   60   12.75  64.27   77.02   5
 96  97 SUCCESS  2   48   7.83  77.02   84.85   6
 97  98 SUCCESS  2   48   9.68  84.85   94.53   7
 98  99 SUCCESS  2   48   6.96  94.53   101.49   8
 99  100 SUCCESS  2   48   0.84  101.49   102.33   9
