 1  2 SUCCESS  2   58   13.15  0.21   13.36   1
 4  5 SUCCESS  2   27   13.27  0.21   13.48   1
 14  15 SUCCESS  2   32   13.3  0.21   13.51   1
 6  7 SUCCESS  2   62   13.63  0.21   13.84   1
 3  4 SUCCESS  2   72   13.88  0.21   14.09   1
 13  14 SUCCESS  2   60   14.54  0.21   14.75   1
 2  3 SUCCESS  2   16   14.86  0.21   15.07   1
 10  11 SUCCESS  2   17   15.16  0.21   15.37   1
 5  6 SUCCESS  2   22   15.48  0.21   15.69   1
 15  16 SUCCESS  2   31   15.52  0.21   15.73   1
 12  13 SUCCESS  2   53   15.63  0.21   15.84   1
 8  9 SUCCESS  2   11   15.84  0.21   16.05   1
 7  8 SUCCESS  2   63   15.9  0.21   16.11   1
 9  10 SUCCESS  2   5   16.16  0.21   16.37   1
 11  12 SUCCESS  2   49   16.34  0.21   16.55   1
 0  1 SUCCESS  2   14   16.4  0.21   16.61   1
 40  41 SUCCESS  2   58   10.55  13.84   24.4   2
 22  23 SUCCESS  2   27   10.68  13.84   24.53   2
 39  40 SUCCESS  2   32   10.69  13.84   24.54   2
 21  22 SUCCESS  2   62   10.96  14.09   25.04   2
 37  38 SUCCESS  2   72   11.01  14.75   25.76   2
 33  34 SUCCESS  2   60   11.55  14.75   26.31   2
 35  36 SUCCESS  2   16   11.66  15.07   26.73   2
 43  44 SUCCESS  2   17   11.64  15.37   27.01   2
 68  69 SUCCESS  2   30   12.63  14.75   27.38   2
 27  28 SUCCESS  2   20   12.79  14.75   27.54   2
 38  39 SUCCESS  2   22   11.88  15.69   27.56   2
 74  75 SUCCESS  2   31   11.99  15.73   27.72   2
 71  72 SUCCESS  2   53   11.97  15.84   27.81   2
 72  73 SUCCESS  2   48   13.21  14.75   27.96   2
 51  52 SUCCESS  2   11   12.26  16.05   28.31   2
 31  32 SUCCESS  2   63   12.29  16.11   28.4   2
 29  30 SUCCESS  2   12   13.62  15.07   28.69   2
 42  43 SUCCESS  2   5   12.35  16.37   28.72   2
 55  56 SUCCESS  2   46   13.42  15.37   28.79   2
 63  64 SUCCESS  2   49   12.26  16.55   28.8   2
 56  57 SUCCESS  2   70   13.57  15.37   28.94   2
 60  61 SUCCESS  2   37   13.59  15.37   28.96   2
 20  21 SUCCESS  2   14   12.38  16.61   28.99   2
 30  31 SUCCESS  2   50   13.98  15.07   29.05   2
 61  62 SUCCESS  2   10   14.51  15.37   29.88   2
 59  60 SUCCESS  2   40   14.7  15.37   30.07   2
 57  58 SUCCESS  2   28   14.56  15.69   30.25   2
 34  35 SUCCESS  2   6   14.82  15.73   30.54   2
 28  29 SUCCESS  2   1   14.9  15.73   30.63   2
 69  70 SUCCESS  2   52   14.97  15.69   30.65   2
 73  74 SUCCESS  2   41   15.49  15.73   31.22   2
 77  78 SUCCESS  2   64   15.58  15.73   31.31   2
 32  33 SUCCESS  2   76   15.58  15.84   31.42   2
 44  45 SUCCESS  2   2   15.73  15.84   31.57   2
 67  68 SUCCESS  2   51   15.8  15.84   31.64   2
 65  66 SUCCESS  2   34   16.03  15.84   31.87   2
 26  27 SUCCESS  2   54   16.41  15.84   32.24   2
 36  37 SUCCESS  2   66   16.45  15.84   32.29   2
 66  67 SUCCESS  2   73   16.76  15.84   32.59   2
 24  25 SUCCESS  2   79   16.81  16.05   32.86   2
 75  76 SUCCESS  2   9   17.09  16.05   33.14   2
 52  53 SUCCESS  2   23   17.75  16.05   33.8   2
 49  50 SUCCESS  2   44   18.3  16.05   34.35   2
 47  48 SUCCESS  2   67   18.57  16.11   34.68   2
 58  59 SUCCESS  2   8   18.6  16.11   34.71   2
 46  47 SUCCESS  2   43   18.67  16.11   34.78   2
 41  42 SUCCESS  2   21   18.86  16.05   34.91   2
 50  51 SUCCESS  2   38   19.46  16.11   35.57   2
 23  24 SUCCESS  2   65   19.65  16.11   35.76   2
 54  55 SUCCESS  2   39   20.69  16.37   37.06   2
 25  26 SUCCESS  2   13   20.76  16.37   37.13   2
 70  71 SUCCESS  2   47   21.08  16.11   37.18   2
 76  77 SUCCESS  2   71   24.05  16.55   40.6   2
 48  49 SUCCESS  2   18   24.09  16.55   40.64   2
 53  54 SUCCESS  2   57   24.45  16.55   41   2
 64  65 SUCCESS  2   29   25.61  16.55   42.16   2
 62  63 SUCCESS  2   19   26.6  16.61   43.21   2
 45  46 SUCCESS  2   42   30.49  16.61   47.1   2
 16  17 SUCCESS  2   59   30.85  16.61   47.46   2
 18  19 SUCCESS  2   0   31.79  16.61   48.4   2
 17  18 SUCCESS  2   78   33.96  16.61   50.57   2
 19  20 SUCCESS  2   74   35.11  16.61   51.72   2
 78  79 SUCCESS  2   58   4.97  51.72   56.69   3
 79  80 SUCCESS  2   58   5.36  56.69   62.05   4
 85  86 SUCCESS  2   58   10.53  62.05   72.58   5
 82  83 SUCCESS  2   27   10.71  62.05   72.76   5
 84  85 SUCCESS  2   32   10.77  62.05   72.82   5
 91  92 SUCCESS  2   62   11  62.05   73.05   5
 93  94 SUCCESS  2   72   11.15  62.05   73.2   5
 88  89 SUCCESS  2   60   11.67  62.05   73.72   5
 83  84 SUCCESS  2   16   11.89  62.05   73.93   5
 94  95 SUCCESS  2   17   12.01  62.05   74.06   5
 90  91 SUCCESS  2   22   12.25  62.05   74.3   5
 92  93 SUCCESS  2   31   12.28  62.05   74.33   5
 87  88 SUCCESS  2   53   12.34  62.05   74.39   5
 95  96 SUCCESS  2   11   12.53  62.05   74.58   5
 89  90 SUCCESS  2   63   12.65  62.05   74.7   5
 80  81 SUCCESS  2   5   12.84  62.05   74.89   5
 86  87 SUCCESS  2   49   12.9  62.05   74.95   5
 81  82 SUCCESS  2   14   12.98  62.05   75.02   5
 96  97 SUCCESS  2   58   7.79  75.02   82.81   6
 97  98 SUCCESS  2   58   9.63  82.81   92.44   7
 98  99 SUCCESS  2   58   6.93  92.44   99.37   8
 99  100 SUCCESS  2   58   0.83  99.37   100.2   9
